Inputs: 
    x =      302.4241917000000000
    e =        0.0000676999675900
    i = 1
output true anomaly      =      302.4209174359100000 
Inputs: 
    x =      302.4209174359100000
    e =        0.0000676999675900
    i = 0
output eccentric anomaly =      302.4241917000000000 
